  5.5000000e+001  3.7000000e+001
  5.4999998e+001  3.6999998e+001
  5.4999987e+001  3.6999984e+001
  5.4999955e+001  3.6999946e+001
  5.4999893e+001  3.6999872e+001
  5.4999792e+001  3.6999750e+001
  5.4999640e+001  3.6999568e+001
  5.4999428e+001  3.6999314e+001
  5.4999147e+001  3.6998976e+001
  5.4998785e+001  3.6998542e+001
  5.4998333e+001  3.6998000e+001
  5.4997782e+001  3.6997338e+001
  5.4997120e+001  3.6996544e+001
  5.4996338e+001  3.6995606e+001
  5.4995427e+001  3.6994512e+001
  5.4994375e+001  3.6993250e+001
  5.4993173e+001  3.6991808e+001
  5.4991812e+001  3.6990174e+001
  5.4990280e+001  3.6988336e+001
  5.4988568e+001  3.6986282e+001
  5.4986667e+001  3.6984000e+001
  5.4984565e+001  3.6981478e+001
  5.4982253e+001  3.6978704e+001
  5.4979722e+001  3.6975666e+001
  5.4976960e+001  3.6972352e+001
  5.4973958e+001  3.6968750e+001
  5.4970707e+001  3.6964848e+001
  5.4967195e+001  3.6960634e+001
  5.4963413e+001  3.6956096e+001
  5.4959352e+001  3.6951222e+001
  5.4955000e+001  3.6946000e+001
  5.4950348e+001  3.6940418e+001
  5.4945387e+001  3.6934464e+001
  5.4940105e+001  3.6928126e+001
  5.4934493e+001  3.6921392e+001
  5.4928542e+001  3.6914250e+001
  5.4922240e+001  3.6906688e+001
  5.4915578e+001  3.6898694e+001
  5.4908547e+001  3.6890256e+001
  5.4901135e+001  3.6881362e+001
  5.4893333e+001  3.6872000e+001
  5.4885132e+001  3.6862158e+001
  5.4876520e+001  3.6851824e+001
  5.4867488e+001  3.6840986e+001
  5.4858027e+001  3.6829632e+001
  5.4848125e+001  3.6817750e+001
  5.4837773e+001  3.6805328e+001
  5.4826962e+001  3.6792354e+001
  5.4815680e+001  3.6778816e+001
  5.4803918e+001  3.6764702e+001
  5.4791667e+001  3.6750000e+001
  5.4778915e+001  3.6734698e+001
  5.4765653e+001  3.6718784e+001
  5.4751872e+001  3.6702246e+001
  5.4737560e+001  3.6685072e+001
  5.4722708e+001  3.6667250e+001
  5.4707307e+001  3.6648768e+001
  5.4691345e+001  3.6629614e+001
  5.4674813e+001  3.6609776e+001
  5.4657702e+001  3.6589242e+001
  5.4640000e+001  3.6568000e+001
  5.4621698e+001  3.6546038e+001
  5.4602787e+001  3.6523344e+001
  5.4583255e+001  3.6499906e+001
  5.4563093e+001  3.6475712e+001
  5.4542292e+001  3.6450750e+001
  5.4520840e+001  3.6425008e+001
  5.4498728e+001  3.6398474e+001
  5.4475947e+001  3.6371136e+001
  5.4452485e+001  3.6342982e+001
  5.4428333e+001  3.6314000e+001
  5.4403482e+001  3.6284178e+001
  5.4377920e+001  3.6253504e+001
  5.4351638e+001  3.6221966e+001
  5.4324627e+001  3.6189552e+001
  5.4296875e+001  3.6156250e+001
  5.4268373e+001  3.6122048e+001
  5.4239112e+001  3.6086934e+001
  5.4209080e+001  3.6050896e+001
  5.4178268e+001  3.6013922e+001
  5.4146667e+001  3.5976000e+001
  5.4114265e+001  3.5937118e+001
  5.4081053e+001  3.5897264e+001
  5.4047022e+001  3.5856426e+001
  5.4012160e+001  3.5814592e+001
  5.3976458e+001  3.5771750e+001
  5.3939907e+001  3.5727888e+001
  5.3902495e+001  3.5682994e+001
  5.3864213e+001  3.5637056e+001
  5.3825052e+001  3.5590062e+001
  5.3785000e+001  3.5542000e+001
  5.3744048e+001  3.5492858e+001
  5.3702187e+001  3.5442624e+001
  5.3659405e+001  3.5391286e+001
  5.3615693e+001  3.5338832e+001
  5.3571042e+001  3.5285250e+001
  5.3525440e+001  3.5230528e+001
  5.3478878e+001  3.5174654e+001
  5.3431347e+001  3.5117616e+001
  5.3382835e+001  3.5059402e+001
  5.3333333e+001  3.5000000e+001
  5.3333333e+001  3.5000000e+001
  5.3282836e+001  3.4939401e+001
  5.3231353e+001  3.4877605e+001
  5.3178901e+001  3.4814618e+001
  5.3125493e+001  3.4750443e+001
  5.3071146e+001  3.4685083e+001
  5.3015873e+001  3.4618544e+001
  5.2959691e+001  3.4550829e+001
  5.2902613e+001  3.4481941e+001
  5.2844656e+001  3.4411886e+001
  5.2785833e+001  3.4340667e+001
  5.2726161e+001  3.4268287e+001
  5.2665653e+001  3.4194752e+001
  5.2604326e+001  3.4120065e+001
  5.2542193e+001  3.4044229e+001
  5.2479271e+001  3.3967250e+001
  5.2415573e+001  3.3889131e+001
  5.2351116e+001  3.3809875e+001
  5.2285913e+001  3.3729488e+001
  5.2219981e+001  3.3647973e+001
  5.2153333e+001  3.3565333e+001
  5.2085986e+001  3.3481574e+001
  5.2017953e+001  3.3396699e+001
  5.1949251e+001  3.3310711e+001
  5.1879893e+001  3.3223616e+001
  5.1809896e+001  3.3135417e+001
  5.1739273e+001  3.3046117e+001
  5.1668041e+001  3.2955722e+001
  5.1596213e+001  3.2864235e+001
  5.1523806e+001  3.2771659e+001
  5.1450833e+001  3.2678000e+001
  5.1377311e+001  3.2583261e+001
  5.1303253e+001  3.2487445e+001
  5.1228676e+001  3.2390558e+001
  5.1153593e+001  3.2292603e+001
  5.1078021e+001  3.2193583e+001
  5.1001973e+001  3.2093504e+001
  5.0925466e+001  3.1992369e+001
  5.0848513e+001  3.1890181e+001
  5.0771131e+001  3.1786946e+001
  5.0693333e+001  3.1682667e+001
  5.0615136e+001  3.1577347e+001
  5.0536553e+001  3.1470992e+001
  5.0457601e+001  3.1363605e+001
  5.0378293e+001  3.1255189e+001
  5.0298646e+001  3.1145750e+001
  5.0218673e+001  3.1035291e+001
  5.0138391e+001  3.0923815e+001
  5.0057813e+001  3.0811328e+001
  4.9976956e+001  3.0697833e+001
  4.9895833e+001  3.0583333e+001
  4.9814461e+001  3.0467834e+001
  4.9732853e+001  3.0351339e+001
  4.9651026e+001  3.0233851e+001
  4.9568993e+001  3.0115376e+001
  4.9486771e+001  2.9995917e+001
  4.9404373e+001  2.9875477e+001
  4.9321816e+001  2.9754062e+001
  4.9239113e+001  2.9631675e+001
  4.9156281e+001  2.9508319e+001
  4.9073333e+001  2.9384000e+001
  4.8990286e+001  2.9258721e+001
  4.8907153e+001  2.9132485e+001
  4.8823951e+001  2.9005298e+001
  4.8740693e+001  2.8877163e+001
  4.8657396e+001  2.8748083e+001
  4.8574073e+001  2.8618064e+001
  4.8490741e+001  2.8487109e+001
  4.8407413e+001  2.8355221e+001
  4.8324106e+001  2.8222406e+001
  4.8240833e+001  2.8088667e+001
  4.8157611e+001  2.7954007e+001
  4.8074453e+001  2.7818432e+001
  4.7991376e+001  2.7681945e+001
  4.7908393e+001  2.7544549e+001
  4.7825521e+001  2.7406250e+001
  4.7742773e+001  2.7267051e+001
  4.7660166e+001  2.7126955e+001
  4.7577713e+001  2.6985968e+001
  4.7495431e+001  2.6844093e+001
  4.7413333e+001  2.6701333e+001
  4.7331436e+001  2.6557694e+001
  4.7249753e+001  2.6413179e+001
  4.7168301e+001  2.6267791e+001
  4.7087093e+001  2.6121536e+001
  4.7006146e+001  2.5974417e+001
  4.6925473e+001  2.5826437e+001
  4.6845091e+001  2.5677602e+001
  4.6765013e+001  2.5527915e+001
  4.6685256e+001  2.5377379e+001
  4.6605833e+001  2.5226000e+001
  4.6526761e+001  2.5073781e+001
  4.6448053e+001  2.4920725e+001
  4.6369726e+001  2.4766838e+001
  4.6291793e+001  2.4612123e+001
  4.6214271e+001  2.4456583e+001
  4.6137173e+001  2.4300224e+001
  4.6060516e+001  2.4143049e+001
  4.5984313e+001  2.3985061e+001
  4.5908581e+001  2.3826266e+001
  4.5833333e+001  2.3666667e+001
  4.5833333e+001  2.3666667e+001
  4.5758582e+001  2.3506271e+001
  4.5684320e+001  2.3345104e+001
  4.5610538e+001  2.3183193e+001
  4.5537227e+001  2.3020565e+001
  4.5464375e+001  2.2857250e+001
  4.5391973e+001  2.2693275e+001
  4.5320012e+001  2.2528667e+001
  4.5248480e+001  2.2363456e+001
  4.5177368e+001  2.2197669e+001
  4.5106667e+001  2.2031333e+001
  4.5036365e+001  2.1864478e+001
  4.4966453e+001  2.1697131e+001
  4.4896922e+001  2.1529319e+001
  4.4827760e+001  2.1361072e+001
  4.4758958e+001  2.1192417e+001
  4.4690507e+001  2.1023381e+001
  4.4622395e+001  2.0853994e+001
  4.4554613e+001  2.0684283e+001
  4.4487152e+001  2.0514275e+001
  4.4420000e+001  2.0344000e+001
  4.4353148e+001  2.0173485e+001
  4.4286587e+001  2.0002757e+001
  4.4220305e+001  1.9831846e+001
  4.4154293e+001  1.9660779e+001
  4.4088542e+001  1.9489583e+001
  4.4023040e+001  1.9318288e+001
  4.3957778e+001  1.9146921e+001
  4.3892747e+001  1.8975509e+001
  4.3827935e+001  1.8804082e+001
  4.3763333e+001  1.8632667e+001
  4.3698932e+001  1.8461291e+001
  4.3634720e+001  1.8289984e+001
  4.3570688e+001  1.8118773e+001
  4.3506827e+001  1.7947685e+001
  4.3443125e+001  1.7776750e+001
  4.3379573e+001  1.7605995e+001
  4.3316162e+001  1.7435447e+001
  4.3252880e+001  1.7265136e+001
  4.3189718e+001  1.7095089e+001
  4.3126667e+001  1.6925333e+001
  4.3063715e+001  1.6755898e+001
  4.3000853e+001  1.6586811e+001
  4.2938072e+001  1.6418099e+001
  4.2875360e+001  1.6249792e+001
  4.2812708e+001  1.6081917e+001
  4.2750107e+001  1.5914501e+001
  4.2687545e+001  1.5747574e+001
  4.2625013e+001  1.5581163e+001
  4.2562502e+001  1.5415295e+001
  4.2500000e+001  1.5250000e+001
  4.2437498e+001  1.5085305e+001
  4.2374987e+001  1.4921237e+001
  4.2312455e+001  1.4757826e+001
  4.2249893e+001  1.4595099e+001
  4.2187292e+001  1.4433083e+001
  4.2124640e+001  1.4271808e+001
  4.2061928e+001  1.4111301e+001
  4.1999147e+001  1.3951589e+001
  4.1936285e+001  1.3792702e+001
  4.1873333e+001  1.3634667e+001
  4.1810282e+001  1.3477511e+001
  4.1747120e+001  1.3321264e+001
  4.1683838e+001  1.3165953e+001
  4.1620427e+001  1.3011605e+001
  4.1556875e+001  1.2858250e+001
  4.1493173e+001  1.2705915e+001
  4.1429312e+001  1.2554627e+001
  4.1365280e+001  1.2404416e+001
  4.1301068e+001  1.2255309e+001
  4.1236667e+001  1.2107333e+001
  4.1172065e+001  1.1960518e+001
  4.1107253e+001  1.1814891e+001
  4.1042222e+001  1.1670479e+001
  4.0976960e+001  1.1527312e+001
  4.0911458e+001  1.1385417e+001
  4.0845707e+001  1.1244821e+001
  4.0779695e+001  1.1105554e+001
  4.0713413e+001  1.0967643e+001
  4.0646852e+001  1.0831115e+001
  4.0580000e+001  1.0696000e+001
  4.0512848e+001  1.0562325e+001
  4.0445387e+001  1.0430117e+001
  4.0377605e+001  1.0299406e+001
  4.0309493e+001  1.0170219e+001
  4.0241042e+001  1.0042583e+001
  4.0172240e+001  9.9165280e+000
  4.0103078e+001  9.7920807e+000
  4.0033547e+001  9.6692693e+000
  3.9963635e+001  9.5481220e+000
  3.9893333e+001  9.4286667e+000
  3.9822632e+001  9.3109313e+000
  3.9751520e+001  9.1949440e+000
  3.9679988e+001  9.0807327e+000
  3.9608027e+001  8.9683253e+000
  3.9535625e+001  8.8577500e+000
  3.9462773e+001  8.7490347e+000
  3.9389462e+001  8.6422073e+000
  3.9315680e+001  8.5372960e+000
  3.9241418e+001  8.4343287e+000
  3.9166667e+001  8.3333333e+000
  3.9166667e+001  8.3333333e+000
  3.9091419e+001  8.2343333e+000
  3.9015687e+001  8.1373333e+000
  3.8939484e+001  8.0423333e+000
  3.8862827e+001  7.9493333e+000
  3.8785729e+001  7.8583333e+000
  3.8708207e+001  7.7693333e+000
  3.8630274e+001  7.6823333e+000
  3.8551947e+001  7.5973333e+000
  3.8473239e+001  7.5143333e+000
  3.8394167e+001  7.4333333e+000
  3.8314744e+001  7.3543333e+000
  3.8234987e+001  7.2773333e+000
  3.8154909e+001  7.2023333e+000
  3.8074527e+001  7.1293333e+000
  3.7993854e+001  7.0583333e+000
  3.7912907e+001  6.9893333e+000
  3.7831699e+001  6.9223333e+000
  3.7750247e+001  6.8573333e+000
  3.7668564e+001  6.7943333e+000
  3.7586667e+001  6.7333333e+000
  3.7504569e+001  6.6743333e+000
  3.7422287e+001  6.6173333e+000
  3.7339834e+001  6.5623333e+000
  3.7257227e+001  6.5093333e+000
  3.7174479e+001  6.4583333e+000
  3.7091607e+001  6.4093333e+000
  3.7008624e+001  6.3623333e+000
  3.6925547e+001  6.3173333e+000
  3.6842389e+001  6.2743333e+000
  3.6759167e+001  6.2333333e+000
  3.6675894e+001  6.1943333e+000
  3.6592587e+001  6.1573333e+000
  3.6509259e+001  6.1223333e+000
  3.6425927e+001  6.0893333e+000
  3.6342604e+001  6.0583333e+000
  3.6259307e+001  6.0293333e+000
  3.6176049e+001  6.0023333e+000
  3.6092847e+001  5.9773333e+000
  3.6009714e+001  5.9543333e+000
  3.5926667e+001  5.9333333e+000
  3.5843719e+001  5.9143333e+000
  3.5760887e+001  5.8973333e+000
  3.5678184e+001  5.8823333e+000
  3.5595627e+001  5.8693333e+000
  3.5513229e+001  5.8583333e+000
  3.5431007e+001  5.8493333e+000
  3.5348974e+001  5.8423333e+000
  3.5267147e+001  5.8373333e+000
  3.5185539e+001  5.8343333e+000
  3.5104167e+001  5.8333333e+000
  3.5023044e+001  5.8343333e+000
  3.4942187e+001  5.8373333e+000
  3.4861609e+001  5.8423333e+000
  3.4781327e+001  5.8493333e+000
  3.4701354e+001  5.8583333e+000
  3.4621707e+001  5.8693333e+000
  3.4542399e+001  5.8823333e+000
  3.4463447e+001  5.8973333e+000
  3.4384864e+001  5.9143333e+000
  3.4306667e+001  5.9333333e+000
  3.4228869e+001  5.9543333e+000
  3.4151487e+001  5.9773333e+000
  3.4074534e+001  6.0023333e+000
  3.3998027e+001  6.0293333e+000
  3.3921979e+001  6.0583333e+000
  3.3846407e+001  6.0893333e+000
  3.3771324e+001  6.1223333e+000
  3.3696747e+001  6.1573333e+000
  3.3622689e+001  6.1943333e+000
  3.3549167e+001  6.2333333e+000
  3.3476194e+001  6.2743333e+000
  3.3403787e+001  6.3173333e+000
  3.3331959e+001  6.3623333e+000
  3.3260727e+001  6.4093333e+000
  3.3190104e+001  6.4583333e+000
  3.3120107e+001  6.5093333e+000
  3.3050749e+001  6.5623333e+000
  3.2982047e+001  6.6173333e+000
  3.2914014e+001  6.6743333e+000
  3.2846667e+001  6.7333333e+000
  3.2780019e+001  6.7943333e+000
  3.2714087e+001  6.8573333e+000
  3.2648884e+001  6.9223333e+000
  3.2584427e+001  6.9893333e+000
  3.2520729e+001  7.0583333e+000
  3.2457807e+001  7.1293333e+000
  3.2395674e+001  7.2023333e+000
  3.2334347e+001  7.2773333e+000
  3.2273839e+001  7.3543333e+000
  3.2214167e+001  7.4333333e+000
  3.2155344e+001  7.5143333e+000
  3.2097387e+001  7.5973333e+000
  3.2040309e+001  7.6823333e+000
  3.1984127e+001  7.7693333e+000
  3.1928854e+001  7.8583333e+000
  3.1874507e+001  7.9493333e+000
  3.1821099e+001  8.0423333e+000
  3.1768647e+001  8.1373333e+000
  3.1717164e+001  8.2343333e+000
  3.1666667e+001  8.3333333e+000
  3.1666667e+001  8.3333333e+000
  3.1617165e+001  8.4343283e+000
  3.1568657e+001  8.5372933e+000
  3.1521135e+001  8.6421983e+000
  3.1474592e+001  8.7490133e+000
  3.1429021e+001  8.8577083e+000
  3.1384415e+001  8.9682533e+000
  3.1340766e+001  9.0806183e+000
  3.1298069e+001  9.1947733e+000
  3.1256316e+001  9.3106883e+000
  3.1215500e+001  9.4283333e+000
  3.1175614e+001  9.5476783e+000
  3.1136651e+001  9.6686933e+000
  3.1098603e+001  9.7913483e+000
  3.1061465e+001  9.9156133e+000
  3.1025229e+001  1.0041458e+001
  3.0989888e+001  1.0168853e+001
  3.0955435e+001  1.0297768e+001
  3.0921863e+001  1.0428173e+001
  3.0889164e+001  1.0560038e+001
  3.0857333e+001  1.0693333e+001
  3.0826362e+001  1.0828028e+001
  3.0796244e+001  1.0964093e+001
  3.0766972e+001  1.1101498e+001
  3.0738539e+001  1.1240213e+001
  3.0710938e+001  1.1380208e+001
  3.0684161e+001  1.1521453e+001
  3.0658203e+001  1.1663918e+001
  3.0633056e+001  1.1807573e+001
  3.0608713e+001  1.1952388e+001
  3.0585167e+001  1.2098333e+001
  3.0562410e+001  1.2245378e+001
  3.0540437e+001  1.2393493e+001
  3.0519240e+001  1.2542648e+001
  3.0498812e+001  1.2692813e+001
  3.0479146e+001  1.2843958e+001
  3.0460235e+001  1.2996053e+001
  3.0442072e+001  1.3149068e+001
  3.0424649e+001  1.3302973e+001
  3.0407961e+001  1.3457738e+001
  3.0392000e+001  1.3613333e+001
  3.0376759e+001  1.3769728e+001
  3.0362231e+001  1.3926893e+001
  3.0348408e+001  1.4084798e+001
  3.0335285e+001  1.4243413e+001
  3.0322854e+001  1.4402708e+001
  3.0311108e+001  1.4562653e+001
  3.0300040e+001  1.4723218e+001
  3.0289643e+001  1.4884373e+001
  3.0279909e+001  1.5046088e+001
  3.0270833e+001  1.5208333e+001
  3.0262407e+001  1.5371078e+001
  3.0254624e+001  1.5534293e+001
  3.0247477e+001  1.5697948e+001
  3.0240959e+001  1.5862013e+001
  3.0235062e+001  1.6026458e+001
  3.0229781e+001  1.6191253e+001
  3.0225108e+001  1.6356368e+001
  3.0221036e+001  1.6521773e+001
  3.0217558e+001  1.6687438e+001
  3.0214667e+001  1.6853333e+001
  3.0212356e+001  1.7019428e+001
  3.0210617e+001  1.7185693e+001
  3.0209445e+001  1.7352098e+001
  3.0208832e+001  1.7518613e+001
  3.0208771e+001  1.7685208e+001
  3.0209255e+001  1.7851853e+001
  3.0210276e+001  1.8018518e+001
  3.0211829e+001  1.8185173e+001
  3.0213906e+001  1.8351788e+001
  3.0216500e+001  1.8518333e+001
  3.0219604e+001  1.8684778e+001
  3.0223211e+001  1.8851093e+001
  3.0227313e+001  1.9017248e+001
  3.0231905e+001  1.9183213e+001
  3.0236979e+001  1.9348958e+001
  3.0242528e+001  1.9514453e+001
  3.0248545e+001  1.9679668e+001
  3.0255023e+001  1.9844573e+001
  3.0261954e+001  2.0009138e+001
  3.0269333e+001  2.0173333e+001
  3.0277152e+001  2.0337128e+001
  3.0285404e+001  2.0500493e+001
  3.0294082e+001  2.0663398e+001
  3.0303179e+001  2.0825813e+001
  3.0312687e+001  2.0987708e+001
  3.0322601e+001  2.1149053e+001
  3.0332913e+001  2.1309818e+001
  3.0343616e+001  2.1469973e+001
  3.0354703e+001  2.1629488e+001
  3.0366167e+001  2.1788333e+001
  3.0378000e+001  2.1946478e+001
  3.0390197e+001  2.2103893e+001
  3.0402750e+001  2.2260548e+001
  3.0415652e+001  2.2416413e+001
  3.0428896e+001  2.2571458e+001
  3.0442475e+001  2.2725653e+001
  3.0456382e+001  2.2878968e+001
  3.0470609e+001  2.3031373e+001
  3.0485151e+001  2.3182838e+001
  3.0500000e+001  2.3333333e+001
  3.0500000e+001  2.3333333e+001
  3.0515147e+001  2.3482834e+001
  3.0530573e+001  2.3631340e+001
  3.0546260e+001  2.3778856e+001
  3.0562187e+001  2.3925387e+001
  3.0578333e+001  2.4070937e+001
  3.0594680e+001  2.4215513e+001
  3.0611207e+001  2.4359119e+001
  3.0627893e+001  2.4501760e+001
  3.0644720e+001  2.4643441e+001
  3.0661667e+001  2.4784167e+001
  3.0678713e+001  2.4923942e+001
  3.0695840e+001  2.5062773e+001
  3.0713027e+001  2.5200664e+001
  3.0730253e+001  2.5337620e+001
  3.0747500e+001  2.5473646e+001
  3.0764747e+001  2.5608747e+001
  3.0781973e+001  2.5742927e+001
  3.0799160e+001  2.5876193e+001
  3.0816287e+001  2.6008549e+001
  3.0833333e+001  2.6140000e+001
  3.0850280e+001  2.6270551e+001
  3.0867107e+001  2.6400207e+001
  3.0883793e+001  2.6528973e+001
  3.0900320e+001  2.6656853e+001
  3.0916667e+001  2.6783854e+001
  3.0932813e+001  2.6909980e+001
  3.0948740e+001  2.7035236e+001
  3.0964427e+001  2.7159627e+001
  3.0979853e+001  2.7283158e+001
  3.0995000e+001  2.7405833e+001
  3.1009847e+001  2.7527659e+001
  3.1024373e+001  2.7648640e+001
  3.1038560e+001  2.7768781e+001
  3.1052387e+001  2.7888087e+001
  3.1065833e+001  2.8006562e+001
  3.1078880e+001  2.8124213e+001
  3.1091507e+001  2.8241044e+001
  3.1103693e+001  2.8357060e+001
  3.1115420e+001  2.8472266e+001
  3.1126667e+001  2.8586667e+001
  3.1137413e+001  2.8700268e+001
  3.1147640e+001  2.8813073e+001
  3.1157327e+001  2.8925089e+001
  3.1166453e+001  2.9036320e+001
  3.1175000e+001  2.9146771e+001
  3.1182947e+001  2.9256447e+001
  3.1190273e+001  2.9365353e+001
  3.1196960e+001  2.9473493e+001
  3.1202987e+001  2.9580874e+001
  3.1208333e+001  2.9687500e+001
  3.1212980e+001  2.9793376e+001
  3.1216907e+001  2.9898507e+001
  3.1220093e+001  3.0002897e+001
  3.1222520e+001  3.0106553e+001
  3.1224167e+001  3.0209479e+001
  3.1225013e+001  3.0311680e+001
  3.1225040e+001  3.0413161e+001
  3.1224227e+001  3.0513927e+001
  3.1222553e+001  3.0613983e+001
  3.1220000e+001  3.0713333e+001
  3.1216547e+001  3.0811984e+001
  3.1212173e+001  3.0909940e+001
  3.1206860e+001  3.1007206e+001
  3.1200587e+001  3.1103787e+001
  3.1193333e+001  3.1199687e+001
  3.1185080e+001  3.1294913e+001
  3.1175807e+001  3.1389469e+001
  3.1165493e+001  3.1483360e+001
  3.1154120e+001  3.1576591e+001
  3.1141667e+001  3.1669167e+001
  3.1128113e+001  3.1761092e+001
  3.1113440e+001  3.1852373e+001
  3.1097627e+001  3.1943014e+001
  3.1080653e+001  3.2033020e+001
  3.1062500e+001  3.2122396e+001
  3.1043147e+001  3.2211147e+001
  3.1022573e+001  3.2299278e+001
  3.1000760e+001  3.2386793e+001
  3.0977687e+001  3.2473699e+001
  3.0953333e+001  3.2560000e+001
  3.0927680e+001  3.2645701e+001
  3.0900707e+001  3.2730807e+001
  3.0872393e+001  3.2815322e+001
  3.0842720e+001  3.2899253e+001
  3.0811667e+001  3.2982604e+001
  3.0779213e+001  3.3065380e+001
  3.0745340e+001  3.3147586e+001
  3.0710027e+001  3.3229227e+001
  3.0673253e+001  3.3310307e+001
  3.0635000e+001  3.3390833e+001
  3.0595247e+001  3.3470809e+001
  3.0553973e+001  3.3550240e+001
  3.0511160e+001  3.3629131e+001
  3.0466787e+001  3.3707487e+001
  3.0420833e+001  3.3785312e+001
  3.0373280e+001  3.3862613e+001
  3.0324107e+001  3.3939394e+001
  3.0273293e+001  3.4015660e+001
  3.0220820e+001  3.4091416e+001
  3.0166667e+001  3.4166667e+001
  3.0166667e+001  3.4166667e+001
  3.0110820e+001  3.4241422e+001
  3.0053295e+001  3.4315707e+001
  2.9994111e+001  3.4389552e+001
  2.9933291e+001  3.4462987e+001
  2.9870854e+001  3.4536042e+001
  2.9806823e+001  3.4608747e+001
  2.9741217e+001  3.4681132e+001
  2.9674059e+001  3.4753227e+001
  2.9605368e+001  3.4825062e+001
  2.9535167e+001  3.4896667e+001
  2.9463475e+001  3.4968072e+001
  2.9390315e+001  3.5039307e+001
  2.9315706e+001  3.5110402e+001
  2.9239671e+001  3.5181387e+001
  2.9162229e+001  3.5252292e+001
  2.9083403e+001  3.5323147e+001
  2.9003212e+001  3.5393982e+001
  2.8921679e+001  3.5464827e+001
  2.8838823e+001  3.5535712e+001
  2.8754667e+001  3.5606667e+001
  2.8669230e+001  3.5677722e+001
  2.8582535e+001  3.5748907e+001
  2.8494601e+001  3.5820252e+001
  2.8405451e+001  3.5891787e+001
  2.8315104e+001  3.5963542e+001
  2.8223583e+001  3.6035547e+001
  2.8130907e+001  3.6107832e+001
  2.8037099e+001  3.6180427e+001
  2.7942178e+001  3.6253362e+001
  2.7846167e+001  3.6326667e+001
  2.7749085e+001  3.6400372e+001
  2.7650955e+001  3.6474507e+001
  2.7551796e+001  3.6549102e+001
  2.7451631e+001  3.6624187e+001
  2.7350479e+001  3.6699792e+001
  2.7248363e+001  3.6775947e+001
  2.7145302e+001  3.6852682e+001
  2.7041319e+001  3.6930027e+001
  2.6936433e+001  3.7008012e+001
  2.6830667e+001  3.7086667e+001
  2.6724040e+001  3.7166022e+001
  2.6616575e+001  3.7246107e+001
  2.6508291e+001  3.7326952e+001
  2.6399211e+001  3.7408587e+001
  2.6289354e+001  3.7491042e+001
  2.6178743e+001  3.7574347e+001
  2.6067397e+001  3.7658532e+001
  2.5955339e+001  3.7743627e+001
  2.5842588e+001  3.7829662e+001
  2.5729167e+001  3.7916667e+001
  2.5615095e+001  3.8004672e+001
  2.5500395e+001  3.8093707e+001
  2.5385086e+001  3.8183802e+001
  2.5269191e+001  3.8274987e+001
  2.5152729e+001  3.8367292e+001
  2.5035723e+001  3.8460747e+001
  2.4918192e+001  3.8555382e+001
  2.4800159e+001  3.8651227e+001
  2.4681643e+001  3.8748312e+001
  2.4562667e+001  3.8846667e+001
  2.4443250e+001  3.8946322e+001
  2.4323415e+001  3.9047307e+001
  2.4203181e+001  3.9149652e+001
  2.4082571e+001  3.9253387e+001
  2.3961604e+001  3.9358542e+001
  2.3840303e+001  3.9465147e+001
  2.3718687e+001  3.9573232e+001
  2.3596779e+001  3.9682827e+001
  2.3474598e+001  3.9793962e+001
  2.3352167e+001  3.9906667e+001
  2.3229505e+001  4.0020972e+001
  2.3106635e+001  4.0136907e+001
  2.2983576e+001  4.0254502e+001
  2.2860351e+001  4.0373787e+001
  2.2736979e+001  4.0494792e+001
  2.2613483e+001  4.0617547e+001
  2.2489882e+001  4.0742082e+001
  2.2366199e+001  4.0868427e+001
  2.2242453e+001  4.0996612e+001
  2.2118667e+001  4.1126667e+001
  2.1994860e+001  4.1258622e+001
  2.1871055e+001  4.1392507e+001
  2.1747271e+001  4.1528352e+001
  2.1623531e+001  4.1666187e+001
  2.1499854e+001  4.1806042e+001
  2.1376263e+001  4.1947947e+001
  2.1252777e+001  4.2091932e+001
  2.1129419e+001  4.2238027e+001
  2.1006208e+001  4.2386262e+001
  2.0883167e+001  4.2536667e+001
  2.0760315e+001  4.2689272e+001
  2.0637675e+001  4.2844107e+001
  2.0515266e+001  4.3001202e+001
  2.0393111e+001  4.3160587e+001
  2.0271229e+001  4.3322292e+001
  2.0149643e+001  4.3486347e+001
  2.0028372e+001  4.3652782e+001
  1.9907439e+001  4.3821627e+001
  1.9786863e+001  4.3992912e+001
  1.9666667e+001  4.4166667e+001
  1.9666667e+001  4.4166667e+001
  1.9546870e+001  4.4342907e+001
  1.9427496e+001  4.4521593e+001
  1.9308566e+001  4.4702669e+001
  1.9190101e+001  4.4886080e+001
  1.9072125e+001  4.5071771e+001
  1.8954659e+001  4.5259687e+001
  1.8837724e+001  4.5449772e+001
  1.8721344e+001  4.5641973e+001
  1.8605540e+001  4.5836234e+001
  1.8490333e+001  4.6032500e+001
  1.8375747e+001  4.6230716e+001
  1.8261803e+001  4.6430827e+001
  1.8148522e+001  4.6632778e+001
  1.8035928e+001  4.6836513e+001
  1.7924042e+001  4.7041979e+001
  1.7812885e+001  4.7249120e+001
  1.7702481e+001  4.7457881e+001
  1.7592851e+001  4.7668207e+001
  1.7484016e+001  4.7880043e+001
  1.7376000e+001  4.8093333e+001
  1.7268824e+001  4.8308024e+001
  1.7162509e+001  4.8524060e+001
  1.7057079e+001  4.8741386e+001
  1.6952555e+001  4.8959947e+001
  1.6848958e+001  4.9179687e+001
  1.6746312e+001  4.9400553e+001
  1.6644638e+001  4.9622489e+001
  1.6543957e+001  4.9845440e+001
  1.6444293e+001  5.0069351e+001
  1.6345667e+001  5.0294167e+001
  1.6248100e+001  5.0519832e+001
  1.6151616e+001  5.0746293e+001
  1.6056236e+001  5.0973494e+001
  1.5961981e+001  5.1201380e+001
  1.5868875e+001  5.1429896e+001
  1.5776939e+001  5.1658987e+001
  1.5686194e+001  5.1888598e+001
  1.5596664e+001  5.2118673e+001
  1.5508370e+001  5.2349159e+001
  1.5421333e+001  5.2580000e+001
  1.5335577e+001  5.2811141e+001
  1.5251123e+001  5.3042527e+001
  1.5167992e+001  5.3274102e+001
  1.5086208e+001  5.3505813e+001
  1.5005792e+001  5.3737604e+001
  1.4926765e+001  5.3969420e+001
  1.4849151e+001  5.4201206e+001
  1.4772971e+001  5.4432907e+001
  1.4698246e+001  5.4664467e+001
  1.4625000e+001  5.4895833e+001
  1.4553254e+001  5.5126949e+001
  1.4483029e+001  5.5357760e+001
  1.4414349e+001  5.5588211e+001
  1.4347235e+001  5.5818247e+001
  1.4281708e+001  5.6047812e+001
  1.4217792e+001  5.6276853e+001
  1.4155508e+001  5.6505314e+001
  1.4094877e+001  5.6733140e+001
  1.4035923e+001  5.6960276e+001
  1.3978667e+001  5.7186667e+001
  1.3923130e+001  5.7412258e+001
  1.3869336e+001  5.7636993e+001
  1.3817306e+001  5.7860819e+001
  1.3767061e+001  5.8083680e+001
  1.3718625e+001  5.8305521e+001
  1.3672019e+001  5.8526287e+001
  1.3627264e+001  5.8745922e+001
  1.3584384e+001  5.8964373e+001
  1.3543400e+001  5.9181584e+001
  1.3504333e+001  5.9397500e+001
  1.3467207e+001  5.9612066e+001
  1.3432043e+001  5.9825227e+001
  1.3398862e+001  6.0036927e+001
  1.3367688e+001  6.0247113e+001
  1.3338542e+001  6.0455729e+001
  1.3311445e+001  6.0662720e+001
  1.3286421e+001  6.0868031e+001
  1.3263491e+001  6.1071607e+001
  1.3242676e+001  6.1273393e+001
  1.3224000e+001  6.1473333e+001
  1.3207484e+001  6.1671374e+001
  1.3193149e+001  6.1867460e+001
  1.3181019e+001  6.2061536e+001
  1.3171115e+001  6.2253547e+001
  1.3163458e+001  6.2443437e+001
  1.3158072e+001  6.2631153e+001
  1.3154978e+001  6.2816639e+001
  1.3154197e+001  6.2999840e+001
  1.3155753e+001  6.3180701e+001
  1.3159667e+001  6.3359167e+001
  1.3165960e+001  6.3535182e+001
  1.3174656e+001  6.3708693e+001
  1.3185776e+001  6.3879644e+001
  1.3199341e+001  6.4047980e+001
  1.3215375e+001  6.4213646e+001
  1.3233899e+001  6.4376587e+001
  1.3254934e+001  6.4536748e+001
  1.3278504e+001  6.4694073e+001
  1.3304630e+001  6.4848509e+001
  1.3333333e+001  6.5000000e+001
  1.3333333e+001  6.5000000e+001
  1.3364628e+001  6.5148502e+001
  1.3398491e+001  6.5294016e+001
  1.3434889e+001  6.5436554e+001
  1.3473792e+001  6.5576128e+001
  1.3515167e+001  6.5712750e+001
  1.3558981e+001  6.5846432e+001
  1.3605204e+001  6.5977186e+001
  1.3653803e+001  6.6105024e+001
  1.3704745e+001  6.6229958e+001
  1.3758000e+001  6.6352000e+001
  1.3813535e+001  6.6471162e+001
  1.3871317e+001  6.6587456e+001
  1.3931316e+001  6.6700894e+001
  1.3993499e+001  6.6811488e+001
  1.4057833e+001  6.6919250e+001
  1.4124288e+001  6.7024192e+001
  1.4192831e+001  6.7126326e+001
  1.4263429e+001  6.7225664e+001
  1.4336052e+001  6.7322218e+001
  1.4410667e+001  6.7416000e+001
  1.4487241e+001  6.7507022e+001
  1.4565744e+001  6.7595296e+001
  1.4646143e+001  6.7680834e+001
  1.4728405e+001  6.7763648e+001
  1.4812500e+001  6.7843750e+001
  1.4898395e+001  6.7921152e+001
  1.4986057e+001  6.7995866e+001
  1.5075456e+001  6.8067904e+001
  1.5166559e+001  6.8137278e+001
  1.5259333e+001  6.8204000e+001
  1.5353748e+001  6.8268082e+001
  1.5449771e+001  6.8329536e+001
  1.5547369e+001  6.8388374e+001
  1.5646512e+001  6.8444608e+001
  1.5747167e+001  6.8498250e+001
  1.5849301e+001  6.8549312e+001
  1.5952884e+001  6.8597806e+001
  1.6057883e+001  6.8643744e+001
  1.6164265e+001  6.8687138e+001
  1.6272000e+001  6.8728000e+001
  1.6381055e+001  6.8766342e+001
  1.6491397e+001  6.8802176e+001
  1.6602996e+001  6.8835514e+001
  1.6715819e+001  6.8866368e+001
  1.6829833e+001  6.8894750e+001
  1.6945008e+001  6.8920672e+001
  1.7061311e+001  6.8944146e+001
  1.7178709e+001  6.8965184e+001
  1.7297172e+001  6.8983798e+001
  1.7416667e+001  6.9000000e+001
  1.7537161e+001  6.9013802e+001
  1.7658624e+001  6.9025216e+001
  1.7781023e+001  6.9034254e+001
  1.7904325e+001  6.9040928e+001
  1.8028500e+001  6.9045250e+001
  1.8153515e+001  6.9047232e+001
  1.8279337e+001  6.9046886e+001
  1.8405936e+001  6.9044224e+001
  1.8533279e+001  6.9039258e+001
  1.8661333e+001  6.9032000e+001
  1.8790068e+001  6.9022462e+001
  1.8919451e+001  6.9010656e+001
  1.9049449e+001  6.8996594e+001
  1.9180032e+001  6.8980288e+001
  1.9311167e+001  6.8961750e+001
  1.9442821e+001  6.8940992e+001
  1.9574964e+001  6.8918026e+001
  1.9707563e+001  6.8892864e+001
  1.9840585e+001  6.8865518e+001
  1.9974000e+001  6.8836000e+001
  2.0107775e+001  6.8804322e+001
  2.0241877e+001  6.8770496e+001
  2.0376276e+001  6.8734534e+001
  2.0510939e+001  6.8696448e+001
  2.0645833e+001  6.8656250e+001
  2.0780928e+001  6.8613952e+001
  2.0916191e+001  6.8569566e+001
  2.1051589e+001  6.8523104e+001
  2.1187092e+001  6.8474578e+001
  2.1322667e+001  6.8424000e+001
  2.1458281e+001  6.8371382e+001
  2.1593904e+001  6.8316736e+001
  2.1729503e+001  6.8260074e+001
  2.1865045e+001  6.8201408e+001
  2.2000500e+001  6.8140750e+001
  2.2135835e+001  6.8078112e+001
  2.2271017e+001  6.8013506e+001
  2.2406016e+001  6.7946944e+001
  2.2540799e+001  6.7878438e+001
  2.2675333e+001  6.7808000e+001
  2.2809588e+001  6.7735642e+001
  2.2943531e+001  6.7661376e+001
  2.3077129e+001  6.7585214e+001
  2.3210352e+001  6.7507168e+001
  2.3343167e+001  6.7427250e+001
  2.3475541e+001  6.7345472e+001
  2.3607444e+001  6.7261846e+001
  2.3738843e+001  6.7176384e+001
  2.3869705e+001  6.7089098e+001
  2.4000000e+001  6.7000000e+001
  2.4000000e+001  6.7000000e+001
  2.4129703e+001  6.6909108e+001
  2.4258821e+001  6.6816465e+001
  2.4387372e+001  6.6722121e+001
  2.4515371e+001  6.6626123e+001
  2.4642833e+001  6.6528521e+001
  2.4769776e+001  6.6429364e+001
  2.4896215e+001  6.6328701e+001
  2.5022165e+001  6.6226581e+001
  2.5147644e+001  6.6123053e+001
  2.5272667e+001  6.6018167e+001
  2.5397249e+001  6.5911970e+001
  2.5521408e+001  6.5804512e+001
  2.5645159e+001  6.5695842e+001
  2.5768517e+001  6.5586009e+001
  2.5891500e+001  6.5475062e+001
  2.6014123e+001  6.5363051e+001
  2.6136401e+001  6.5250023e+001
  2.6258352e+001  6.5136028e+001
  2.6379991e+001  6.5021115e+001
  2.6501333e+001  6.4905333e+001
  2.6622396e+001  6.4788731e+001
  2.6743195e+001  6.4671359e+001
  2.6863745e+001  6.4553264e+001
  2.6984064e+001  6.4434496e+001
  2.7104167e+001  6.4315104e+001
  2.7224069e+001  6.4195137e+001
  2.7343788e+001  6.4074644e+001
  2.7463339e+001  6.3953675e+001
  2.7582737e+001  6.3832277e+001
  2.7702000e+001  6.3710500e+001
  2.7821143e+001  6.3588393e+001
  2.7940181e+001  6.3466005e+001
  2.8059132e+001  6.3343386e+001
  2.8178011e+001  6.3220583e+001
  2.8296833e+001  6.3097646e+001
  2.8415616e+001  6.2974624e+001
  2.8534375e+001  6.2851566e+001
  2.8653125e+001  6.2728521e+001
  2.8771884e+001  6.2605538e+001
  2.8890667e+001  6.2482667e+001
  2.9009489e+001  6.2359955e+001
  2.9128368e+001  6.2237452e+001
  2.9247319e+001  6.2115207e+001
  2.9366357e+001  6.1993269e+001
  2.9485500e+001  6.1871687e+001
  2.9604763e+001  6.1750511e+001
  2.9724161e+001  6.1629788e+001
  2.9843712e+001  6.1509568e+001
  2.9963431e+001  6.1389900e+001
  3.0083333e+001  6.1270833e+001
  3.0203436e+001  6.1152416e+001
  3.0323755e+001  6.1034699e+001
  3.0444305e+001  6.0917729e+001
  3.0565104e+001  6.0801556e+001
  3.0686167e+001  6.0686229e+001
  3.0807509e+001  6.0571797e+001
  3.0929148e+001  6.0458309e+001
  3.1051099e+001  6.0345815e+001
  3.1173377e+001  6.0234362e+001
  3.1296000e+001  6.0124000e+001
  3.1418983e+001  6.0014778e+001
  3.1542341e+001  5.9906745e+001
  3.1666092e+001  5.9799951e+001
  3.1790251e+001  5.9694443e+001
  3.1914833e+001  5.9590271e+001
  3.2039856e+001  5.9487484e+001
  3.2165335e+001  5.9386131e+001
  3.2291285e+001  5.9286261e+001
  3.2417724e+001  5.9187923e+001
  3.2544667e+001  5.9091167e+001
  3.2672129e+001  5.8996040e+001
  3.2800128e+001  5.8902592e+001
  3.2928679e+001  5.8810872e+001
  3.3057797e+001  5.8720929e+001
  3.3187500e+001  5.8632812e+001
  3.3317803e+001  5.8546571e+001
  3.3448721e+001  5.8462253e+001
  3.3580272e+001  5.8379908e+001
  3.3712471e+001  5.8299585e+001
  3.3845333e+001  5.8221333e+001
  3.3978876e+001  5.8145201e+001
  3.4113115e+001  5.8071239e+001
  3.4248065e+001  5.7999494e+001
  3.4383744e+001  5.7930016e+001
  3.4520167e+001  5.7862854e+001
  3.4657349e+001  5.7798057e+001
  3.4795308e+001  5.7735675e+001
  3.4934059e+001  5.7675755e+001
  3.5073617e+001  5.7618347e+001
  3.5214000e+001  5.7563500e+001
  3.5355223e+001  5.7511263e+001
  3.5497301e+001  5.7461685e+001
  3.5640252e+001  5.7414815e+001
  3.5784091e+001  5.7370703e+001
  3.5928833e+001  5.7329396e+001
  3.6074496e+001  5.7290944e+001
  3.6221095e+001  5.7255396e+001
  3.6368645e+001  5.7222801e+001
  3.6517164e+001  5.7193208e+001
  3.6666667e+001  5.7166667e+001
  3.6666667e+001  5.7166667e+001
  3.6817165e+001  5.7143211e+001
  3.6968653e+001  5.7122821e+001
  3.7121122e+001  5.7105464e+001
  3.7274560e+001  5.7091104e+001
  3.7428958e+001  5.7079708e+001
  3.7584307e+001  5.7071243e+001
  3.7740595e+001  5.7065673e+001
  3.7897813e+001  5.7062965e+001
  3.8055952e+001  5.7063086e+001
  3.8215000e+001  5.7066000e+001
  3.8374948e+001  5.7071674e+001
  3.8535787e+001  5.7080075e+001
  3.8697505e+001  5.7091167e+001
  3.8860093e+001  5.7104917e+001
  3.9023542e+001  5.7121292e+001
  3.9187840e+001  5.7140256e+001
  3.9352978e+001  5.7161776e+001
  3.9518947e+001  5.7185819e+001
  3.9685735e+001  5.7212349e+001
  3.9853333e+001  5.7241333e+001
  4.0021732e+001  5.7272738e+001
  4.0190920e+001  5.7306528e+001
  4.0360888e+001  5.7342670e+001
  4.0531627e+001  5.7381131e+001
  4.0703125e+001  5.7421875e+001
  4.0875373e+001  5.7464869e+001
  4.1048362e+001  5.7510080e+001
  4.1222080e+001  5.7557472e+001
  4.1396518e+001  5.7607012e+001
  4.1571667e+001  5.7658667e+001
  4.1747515e+001  5.7712401e+001
  4.1924053e+001  5.7768181e+001
  4.2101272e+001  5.7825974e+001
  4.2279160e+001  5.7885744e+001
  4.2457708e+001  5.7947458e+001
  4.2636907e+001  5.8011083e+001
  4.2816745e+001  5.8076583e+001
  4.2997213e+001  5.8143925e+001
  4.3178302e+001  5.8213076e+001
  4.3360000e+001  5.8284000e+001
  4.3542298e+001  5.8356664e+001
  4.3725187e+001  5.8431035e+001
  4.3908655e+001  5.8507077e+001
  4.4092693e+001  5.8584757e+001
  4.4277292e+001  5.8664042e+001
  4.4462440e+001  5.8744896e+001
  4.4648128e+001  5.8827286e+001
  4.4834347e+001  5.8911179e+001
  4.5021085e+001  5.8996539e+001
  4.5208333e+001  5.9083333e+001
  4.5396082e+001  5.9171528e+001
  4.5584320e+001  5.9261088e+001
  4.5773038e+001  5.9351980e+001
  4.5962227e+001  5.9444171e+001
  4.6151875e+001  5.9537625e+001
  4.6341973e+001  5.9632309e+001
  4.6532512e+001  5.9728190e+001
  4.6723480e+001  5.9825232e+001
  4.6914868e+001  5.9923402e+001
  4.7106667e+001  6.0022667e+001
  4.7298865e+001  6.0122991e+001
  4.7491453e+001  6.0224341e+001
  4.7684422e+001  6.0326684e+001
  4.7877760e+001  6.0429984e+001
  4.8071458e+001  6.0534208e+001
  4.8265507e+001  6.0639323e+001
  4.8459895e+001  6.0745293e+001
  4.8654613e+001  6.0852085e+001
  4.8849652e+001  6.0959666e+001
  4.9045000e+001  6.1068000e+001
  4.9240648e+001  6.1177054e+001
  4.9436587e+001  6.1286795e+001
  4.9632805e+001  6.1397187e+001
  4.9829293e+001  6.1508197e+001
  5.0026042e+001  6.1619792e+001
  5.0223040e+001  6.1731936e+001
  5.0420278e+001  6.1844596e+001
  5.0617747e+001  6.1957739e+001
  5.0815435e+001  6.2071329e+001
  5.1013333e+001  6.2185333e+001
  5.1211432e+001  6.2299718e+001
  5.1409720e+001  6.2414448e+001
  5.1608188e+001  6.2529490e+001
  5.1806827e+001  6.2644811e+001
  5.2005625e+001  6.2760375e+001
  5.2204573e+001  6.2876149e+001
  5.2403662e+001  6.2992100e+001
  5.2602880e+001  6.3108192e+001
  5.2802218e+001  6.3224392e+001
  5.3001667e+001  6.3340667e+001
  5.3201215e+001  6.3456981e+001
  5.3400853e+001  6.3573301e+001
  5.3600572e+001  6.3689594e+001
  5.3800360e+001  6.3805824e+001
  5.4000208e+001  6.3921958e+001
  5.4200107e+001  6.4037963e+001
  5.4400045e+001  6.4153803e+001
  5.4600013e+001  6.4269445e+001
  5.4800002e+001  6.4384856e+001
  5.5000000e+001  6.4500000e+001
  5.5000000e+001  6.4500000e+001
  5.5199997e+001  6.4614846e+001
  5.5399980e+001  6.4729364e+001
  5.5599932e+001  6.4843528e+001
  5.5799840e+001  6.4957312e+001
  5.5999687e+001  6.5070688e+001
  5.6199460e+001  6.5183628e+001
  5.6399142e+001  6.5296107e+001
  5.6598720e+001  6.5408096e+001
  5.6798178e+001  6.5519570e+001
  5.6997500e+001  6.5630500e+001
  5.7196672e+001  6.5740860e+001
  5.7395680e+001  6.5850624e+001
  5.7594507e+001  6.5959763e+001
  5.7793140e+001  6.6068252e+001
  5.7991562e+001  6.6176062e+001
  5.8189760e+001  6.6283168e+001
  5.8387717e+001  6.6389541e+001
  5.8585420e+001  6.6495156e+001
  5.8782852e+001  6.6599984e+001
  5.8980000e+001  6.6704000e+001
  5.9176848e+001  6.6807176e+001
  5.9373380e+001  6.6909484e+001
  5.9569582e+001  6.7010898e+001
  5.9765440e+001  6.7111392e+001
  5.9960937e+001  6.7210938e+001
  6.0156060e+001  6.7309508e+001
  6.0350792e+001  6.7407076e+001
  6.0545120e+001  6.7503616e+001
  6.0739027e+001  6.7599099e+001
  6.0932500e+001  6.7693500e+001
  6.1125522e+001  6.7786790e+001
  6.1318080e+001  6.7878944e+001
  6.1510157e+001  6.7969934e+001
  6.1701740e+001  6.8059732e+001
  6.1892812e+001  6.8148313e+001
  6.2083360e+001  6.8235648e+001
  6.2273367e+001  6.8321712e+001
  6.2462820e+001  6.8406476e+001
  6.2651702e+001  6.8489914e+001
  6.2840000e+001  6.8572000e+001
  6.3027698e+001  6.8652705e+001
  6.3214780e+001  6.8732004e+001
  6.3401232e+001  6.8809868e+001
  6.3587040e+001  6.8886272e+001
  6.3772188e+001  6.8961187e+001
  6.3956660e+001  6.9034588e+001
  6.4140442e+001  6.9106446e+001
  6.4323520e+001  6.9176736e+001
  6.4505877e+001  6.9245430e+001
  6.4687500e+001  6.9312500e+001
  6.4868372e+001  6.9377921e+001
  6.5048480e+001  6.9441664e+001
  6.5227807e+001  6.9503703e+001
  6.5406340e+001  6.9564012e+001
  6.5584062e+001  6.9622562e+001
  6.5760960e+001  6.9679328e+001
  6.5937017e+001  6.9734281e+001
  6.6112220e+001  6.9787396e+001
  6.6286552e+001  6.9838645e+001
  6.6460000e+001  6.9888000e+001
  6.6632548e+001  6.9935436e+001
  6.6804180e+001  6.9980924e+001
  6.6974883e+001  7.0024439e+001
  6.7144640e+001  7.0065952e+001
  6.7313437e+001  7.0105438e+001
  6.7481260e+001  7.0142868e+001
  6.7648092e+001  7.0178217e+001
  6.7813920e+001  7.0211456e+001
  6.7978728e+001  7.0242559e+001
  6.8142500e+001  7.0271500e+001
  6.8305222e+001  7.0298250e+001
  6.8466880e+001  7.0322784e+001
  6.8627458e+001  7.0345073e+001
  6.8786940e+001  7.0365092e+001
  6.8945313e+001  7.0382813e+001
  6.9102560e+001  7.0398208e+001
  6.9258668e+001  7.0411251e+001
  6.9413620e+001  7.0421916e+001
  6.9567403e+001  7.0430175e+001
  6.9720000e+001  7.0436000e+001
  6.9871398e+001  7.0439366e+001
  7.0021580e+001  7.0440244e+001
  7.0170532e+001  7.0438609e+001
  7.0318240e+001  7.0434432e+001
  7.0464687e+001  7.0427688e+001
  7.0609860e+001  7.0418348e+001
  7.0753743e+001  7.0406386e+001
  7.0896320e+001  7.0391776e+001
  7.1037577e+001  7.0374489e+001
  7.1177500e+001  7.0354500e+001
  7.1316073e+001  7.0331781e+001
  7.1453280e+001  7.0306304e+001
  7.1589107e+001  7.0278043e+001
  7.1723540e+001  7.0246972e+001
  7.1856562e+001  7.0213062e+001
  7.1988160e+001  7.0176288e+001
  7.2118318e+001  7.0136622e+001
  7.2247020e+001  7.0094036e+001
  7.2374253e+001  7.0048505e+001
  7.2500000e+001  7.0000000e+001
  7.2500000e+001  7.0000000e+001
  7.2624252e+001  6.9948505e+001
  7.2747020e+001  6.9894040e+001
  7.2868317e+001  6.9836635e+001
  7.2988160e+001  6.9776320e+001
  7.3106562e+001  6.9713125e+001
  7.3223540e+001  6.9647080e+001
  7.3339107e+001  6.9578215e+001
  7.3453280e+001  6.9506560e+001
  7.3566073e+001  6.9432145e+001
  7.3677500e+001  6.9355000e+001
  7.3787577e+001  6.9275155e+001
  7.3896320e+001  6.9192640e+001
  7.4003743e+001  6.9107485e+001
  7.4109860e+001  6.9019720e+001
  7.4214687e+001  6.8929375e+001
  7.4318240e+001  6.8836480e+001
  7.4420532e+001  6.8741065e+001
  7.4521580e+001  6.8643160e+001
  7.4621397e+001  6.8542795e+001
  7.4720000e+001  6.8440000e+001
  7.4817403e+001  6.8334805e+001
  7.4913620e+001  6.8227240e+001
  7.5008667e+001  6.8117335e+001
  7.5102560e+001  6.8005120e+001
  7.5195313e+001  6.7890625e+001
  7.5286940e+001  6.7773880e+001
  7.5377457e+001  6.7654915e+001
  7.5466880e+001  6.7533760e+001
  7.5555222e+001  6.7410445e+001
  7.5642500e+001  6.7285000e+001
  7.5728727e+001  6.7157455e+001
  7.5813920e+001  6.7027840e+001
  7.5898092e+001  6.6896185e+001
  7.5981260e+001  6.6762520e+001
  7.6063437e+001  6.6626875e+001
  7.6144640e+001  6.6489280e+001
  7.6224883e+001  6.6349765e+001
  7.6304180e+001  6.6208360e+001
  7.6382547e+001  6.6065095e+001
  7.6460000e+001  6.5920000e+001
  7.6536552e+001  6.5773105e+001
  7.6612220e+001  6.5624440e+001
  7.6687017e+001  6.5474035e+001
  7.6760960e+001  6.5321920e+001
  7.6834062e+001  6.5168125e+001
  7.6906340e+001  6.5012680e+001
  7.6977807e+001  6.4855615e+001
  7.7048480e+001  6.4696960e+001
  7.7118372e+001  6.4536745e+001
  7.7187500e+001  6.4375000e+001
  7.7255877e+001  6.4211755e+001
  7.7323520e+001  6.4047040e+001
  7.7390442e+001  6.3880885e+001
  7.7456660e+001  6.3713320e+001
  7.7522187e+001  6.3544375e+001
  7.7587040e+001  6.3374080e+001
  7.7651233e+001  6.3202465e+001
  7.7714780e+001  6.3029560e+001
  7.7777698e+001  6.2855395e+001
  7.7840000e+001  6.2680000e+001
  7.7901702e+001  6.2503405e+001
  7.7962820e+001  6.2325640e+001
  7.8023367e+001  6.2146735e+001
  7.8083360e+001  6.1966720e+001
  7.8142812e+001  6.1785625e+001
  7.8201740e+001  6.1603480e+001
  7.8260157e+001  6.1420315e+001
  7.8318080e+001  6.1236160e+001
  7.8375522e+001  6.1051045e+001
  7.8432500e+001  6.0865000e+001
  7.8489027e+001  6.0678055e+001
  7.8545120e+001  6.0490240e+001
  7.8600792e+001  6.0301585e+001
  7.8656060e+001  6.0112120e+001
  7.8710938e+001  5.9921875e+001
  7.8765440e+001  5.9730880e+001
  7.8819582e+001  5.9539165e+001
  7.8873380e+001  5.9346760e+001
  7.8926847e+001  5.9153695e+001
  7.8980000e+001  5.8960000e+001
  7.9032853e+001  5.8765705e+001
  7.9085420e+001  5.8570840e+001
  7.9137717e+001  5.8375435e+001
  7.9189760e+001  5.8179520e+001
  7.9241563e+001  5.7983125e+001
  7.9293140e+001  5.7786280e+001
  7.9344508e+001  5.7589015e+001
  7.9395680e+001  5.7391360e+001
  7.9446672e+001  5.7193345e+001
  7.9497500e+001  5.6995000e+001
  7.9548177e+001  5.6796355e+001
  7.9598720e+001  5.6597440e+001
  7.9649142e+001  5.6398285e+001
  7.9699460e+001  5.6198920e+001
  7.9749688e+001  5.5999375e+001
  7.9799840e+001  5.5799680e+001
  7.9849933e+001  5.5599865e+001
  7.9899980e+001  5.5399960e+001
  7.9949998e+001  5.5199995e+001
  8.0000000e+001  5.5000000e+001
  8.0000000e+001  5.5000000e+001
  8.0049996e+001  5.4800004e+001
  8.0099967e+001  5.4600033e+001
  8.0149887e+001  5.4400112e+001
  8.0199733e+001  5.4200267e+001
  8.0249479e+001  5.4000521e+001
  8.0299100e+001  5.3800900e+001
  8.0348571e+001  5.3601429e+001
  8.0397867e+001  5.3402133e+001
  8.0446962e+001  5.3203038e+001
  8.0495833e+001  5.3004167e+001
  8.0544454e+001  5.2805546e+001
  8.0592800e+001  5.2607200e+001
  8.0640846e+001  5.2409154e+001
  8.0688567e+001  5.2211433e+001
  8.0735937e+001  5.2014062e+001
  8.0782933e+001  5.1817067e+001
  8.0829529e+001  5.1620471e+001
  8.0875700e+001  5.1424300e+001
  8.0921421e+001  5.1228579e+001
  8.0966667e+001  5.1033333e+001
  8.1011412e+001  5.0838588e+001
  8.1055633e+001  5.0644367e+001
  8.1099304e+001  5.0450696e+001
  8.1142400e+001  5.0257600e+001
  8.1184896e+001  5.0065104e+001
  8.1226767e+001  4.9873233e+001
  8.1267988e+001  4.9682012e+001
  8.1308533e+001  4.9491467e+001
  8.1348379e+001  4.9301621e+001
  8.1387500e+001  4.9112500e+001
  8.1425871e+001  4.8924129e+001
  8.1463467e+001  4.8736533e+001
  8.1500263e+001  4.8549737e+001
  8.1536233e+001  4.8363767e+001
  8.1571354e+001  4.8178646e+001
  8.1605600e+001  4.7994400e+001
  8.1638946e+001  4.7811054e+001
  8.1671367e+001  4.7628633e+001
  8.1702838e+001  4.7447162e+001
  8.1733333e+001  4.7266667e+001
  8.1762829e+001  4.7087171e+001
  8.1791300e+001  4.6908700e+001
  8.1818721e+001  4.6731279e+001
  8.1845067e+001  4.6554933e+001
  8.1870312e+001  4.6379687e+001
  8.1894433e+001  4.6205567e+001
  8.1917404e+001  4.6032596e+001
  8.1939200e+001  4.5860800e+001
  8.1959796e+001  4.5690204e+001
  8.1979167e+001  4.5520833e+001
  8.1997287e+001  4.5352712e+001
  8.2014133e+001  4.5185867e+001
  8.2029679e+001  4.5020321e+001
  8.2043900e+001  4.4856100e+001
  8.2056771e+001  4.4693229e+001
  8.2068267e+001  4.4531733e+001
  8.2078362e+001  4.4371637e+001
  8.2087033e+001  4.4212967e+001
  8.2094254e+001  4.4055746e+001
  8.2100000e+001  4.3900000e+001
  8.2104246e+001  4.3745754e+001
  8.2106967e+001  4.3593033e+001
  8.2108137e+001  4.3441863e+001
  8.2107733e+001  4.3292267e+001
  8.2105729e+001  4.3144271e+001
  8.2102100e+001  4.2997900e+001
  8.2096821e+001  4.2853179e+001
  8.2089867e+001  4.2710133e+001
  8.2081212e+001  4.2568787e+001
  8.2070833e+001  4.2429167e+001
  8.2058704e+001  4.2291296e+001
  8.2044800e+001  4.2155200e+001
  8.2029096e+001  4.2020904e+001
  8.2011567e+001  4.1888433e+001
  8.1992188e+001  4.1757813e+001
  8.1970933e+001  4.1629067e+001
  8.1947779e+001  4.1502221e+001
  8.1922700e+001  4.1377300e+001
  8.1895671e+001  4.1254329e+001
  8.1866667e+001  4.1133333e+001
  8.1835662e+001  4.1014337e+001
  8.1802633e+001  4.0897367e+001
  8.1767554e+001  4.0782446e+001
  8.1730400e+001  4.0669600e+001
  8.1691146e+001  4.0558854e+001
  8.1649767e+001  4.0450233e+001
  8.1606237e+001  4.0343763e+001
  8.1560533e+001  4.0239467e+001
  8.1512629e+001  4.0137371e+001
  8.1462500e+001  4.0037500e+001
  8.1410121e+001  3.9939879e+001
  8.1355467e+001  3.9844533e+001
  8.1298512e+001  3.9751487e+001
  8.1239233e+001  3.9660767e+001
  8.1177604e+001  3.9572396e+001
  8.1113600e+001  3.9486400e+001
  8.1047196e+001  3.9402804e+001
  8.0978367e+001  3.9321633e+001
  8.0907088e+001  3.9242913e+001
  8.0833333e+001  3.9166667e+001
  8.0833333e+001  3.9166667e+001
  8.0757089e+001  3.9092911e+001
  8.0678380e+001  3.9021623e+001
  8.0597241e+001  3.8952768e+001
  8.0513707e+001  3.8886315e+001
  8.0427813e+001  3.8822229e+001
  8.0339593e+001  3.8760479e+001
  8.0249084e+001  3.8701030e+001
  8.0156320e+001  3.8643851e+001
  8.0061336e+001  3.8588907e+001
  7.9964167e+001  3.8536167e+001
  7.9864847e+001  3.8485596e+001
  7.9763413e+001  3.8437163e+001
  7.9659899e+001  3.8390833e+001
  7.9554340e+001  3.8346575e+001
  7.9446771e+001  3.8304354e+001
  7.9337227e+001  3.8264139e+001
  7.9225742e+001  3.8225895e+001
  7.9112353e+001  3.8189591e+001
  7.8997094e+001  3.8155192e+001
  7.8880000e+001  3.8122667e+001
  7.8761106e+001  3.8091981e+001
  7.8640447e+001  3.8063103e+001
  7.8518057e+001  3.8035998e+001
  7.8393973e+001  3.8010635e+001
  7.8268229e+001  3.7986979e+001
  7.8140860e+001  3.7964999e+001
  7.8011901e+001  3.7944660e+001
  7.7881387e+001  3.7925931e+001
  7.7749353e+001  3.7908777e+001
  7.7615833e+001  3.7893167e+001
  7.7480864e+001  3.7879066e+001
  7.7344480e+001  3.7866443e+001
  7.7206716e+001  3.7855263e+001
  7.7067607e+001  3.7845495e+001
  7.6927188e+001  3.7837104e+001
  7.6785493e+001  3.7830059e+001
  7.6642559e+001  3.7824325e+001
  7.6498420e+001  3.7819871e+001
  7.6353111e+001  3.7816662e+001
  7.6206667e+001  3.7814667e+001
  7.6059123e+001  3.7813851e+001
  7.5910513e+001  3.7814183e+001
  7.5760874e+001  3.7815628e+001
  7.5610240e+001  3.7818155e+001
  7.5458646e+001  3.7821729e+001
  7.5306127e+001  3.7826319e+001
  7.5152717e+001  3.7831890e+001
  7.4998453e+001  3.7838411e+001
  7.4843369e+001  3.7845847e+001
  7.4687500e+001  3.7854167e+001
  7.4530881e+001  3.7863336e+001
  7.4373547e+001  3.7873323e+001
  7.4215532e+001  3.7884093e+001
  7.4056873e+001  3.7895615e+001
  7.3897604e+001  3.7907854e+001
  7.3737760e+001  3.7920779e+001
  7.3577376e+001  3.7934355e+001
  7.3416487e+001  3.7948551e+001
  7.3255127e+001  3.7963332e+001
  7.3093333e+001  3.7978667e+001
  7.2931139e+001  3.7994521e+001
  7.2768580e+001  3.8010863e+001
  7.2605691e+001  3.8027658e+001
  7.2442507e+001  3.8044875e+001
  7.2279062e+001  3.8062479e+001
  7.2115393e+001  3.8080439e+001
  7.1951534e+001  3.8098720e+001
  7.1787520e+001  3.8117291e+001
  7.1623386e+001  3.8136117e+001
  7.1459167e+001  3.8155167e+001
  7.1294897e+001  3.8174406e+001
  7.1130613e+001  3.8193803e+001
  7.0966349e+001  3.8213323e+001
  7.0802140e+001  3.8232935e+001
  7.0638021e+001  3.8252604e+001
  7.0474027e+001  3.8272299e+001
  7.0310192e+001  3.8291985e+001
  7.0146553e+001  3.8311631e+001
  6.9983144e+001  3.8331202e+001
  6.9820000e+001  3.8350667e+001
  6.9657156e+001  3.8369991e+001
  6.9494647e+001  3.8389143e+001
  6.9332508e+001  3.8408088e+001
  6.9170773e+001  3.8426795e+001
  6.9009479e+001  3.8445229e+001
  6.8848660e+001  3.8463359e+001
  6.8688351e+001  3.8481150e+001
  6.8528587e+001  3.8498571e+001
  6.8369402e+001  3.8515587e+001
  6.8210833e+001  3.8532167e+001
  6.8052914e+001  3.8548276e+001
  6.7895680e+001  3.8563883e+001
  6.7739166e+001  3.8578953e+001
  6.7583407e+001  3.8593455e+001
  6.7428437e+001  3.8607354e+001
  6.7274293e+001  3.8620619e+001
  6.7121009e+001  3.8633215e+001
  6.6968620e+001  3.8645111e+001
  6.6817161e+001  3.8656272e+001
  6.6666667e+001  3.8666667e+001
  6.6666667e+001  3.8666667e+001
  6.6517167e+001  3.8676268e+001
  6.6368667e+001  3.8685081e+001
  6.6221167e+001  3.8693116e+001
  6.6074667e+001  3.8700384e+001
  6.5929167e+001  3.8706896e+001
  6.5784667e+001  3.8712663e+001
  6.5641167e+001  3.8717695e+001
  6.5498667e+001  3.8722005e+001
  6.5357167e+001  3.8725603e+001
  6.5216667e+001  3.8728500e+001
  6.5077167e+001  3.8730707e+001
  6.4938667e+001  3.8732235e+001
  6.4801167e+001  3.8733095e+001
  6.4664667e+001  3.8733297e+001
  6.4529167e+001  3.8732854e+001
  6.4394667e+001  3.8731776e+001
  6.4261167e+001  3.8730074e+001
  6.4128667e+001  3.8727759e+001
  6.3997167e+001  3.8724841e+001
  6.3866667e+001  3.8721333e+001
  6.3737167e+001  3.8717245e+001
  6.3608667e+001  3.8712588e+001
  6.3481167e+001  3.8707373e+001
  6.3354667e+001  3.8701611e+001
  6.3229167e+001  3.8695312e+001
  6.3104667e+001  3.8688489e+001
  6.2981167e+001  3.8681152e+001
  6.2858667e+001  3.8673312e+001
  6.2737167e+001  3.8664980e+001
  6.2616667e+001  3.8656167e+001
  6.2497167e+001  3.8646884e+001
  6.2378667e+001  3.8637141e+001
  6.2261167e+001  3.8626951e+001
  6.2144667e+001  3.8616324e+001
  6.2029167e+001  3.8605271e+001
  6.1914667e+001  3.8593803e+001
  6.1801167e+001  3.8581930e+001
  6.1688667e+001  3.8569665e+001
  6.1577167e+001  3.8557018e+001
  6.1466667e+001  3.8544000e+001
  6.1357167e+001  3.8530622e+001
  6.1248667e+001  3.8516895e+001
  6.1141167e+001  3.8502829e+001
  6.1034667e+001  3.8488437e+001
  6.0929167e+001  3.8473729e+001
  6.0824667e+001  3.8458716e+001
  6.0721167e+001  3.8443409e+001
  6.0618667e+001  3.8427819e+001
  6.0517167e+001  3.8411956e+001
  6.0416667e+001  3.8395833e+001
  6.0317167e+001  3.8379460e+001
  6.0218667e+001  3.8362848e+001
  6.0121167e+001  3.8346008e+001
  6.0024667e+001  3.8328951e+001
  5.9929167e+001  3.8311687e+001
  5.9834667e+001  3.8294229e+001
  5.9741167e+001  3.8276587e+001
  5.9648667e+001  3.8258772e+001
  5.9557167e+001  3.8240795e+001
  5.9466667e+001  3.8222667e+001
  5.9377167e+001  3.8204398e+001
  5.9288667e+001  3.8186001e+001
  5.9201167e+001  3.8167486e+001
  5.9114667e+001  3.8148864e+001
  5.9029167e+001  3.8130146e+001
  5.8944667e+001  3.8111343e+001
  5.8861167e+001  3.8092465e+001
  5.8778667e+001  3.8073525e+001
  5.8697167e+001  3.8054533e+001
  5.8616667e+001  3.8035500e+001
  5.8537167e+001  3.8016437e+001
  5.8458667e+001  3.7997355e+001
  5.8381167e+001  3.7978265e+001
  5.8304667e+001  3.7959177e+001
  5.8229167e+001  3.7940104e+001
  5.8154667e+001  3.7921056e+001
  5.8081167e+001  3.7902044e+001
  5.8008667e+001  3.7883079e+001
  5.7937167e+001  3.7864171e+001
  5.7866667e+001  3.7845333e+001
  5.7797167e+001  3.7826575e+001
  5.7728667e+001  3.7807908e+001
  5.7661167e+001  3.7789343e+001
  5.7594667e+001  3.7770891e+001
  5.7529167e+001  3.7752562e+001
  5.7464667e+001  3.7734369e+001
  5.7401167e+001  3.7716322e+001
  5.7338667e+001  3.7698432e+001
  5.7277167e+001  3.7680710e+001
  5.7216667e+001  3.7663167e+001
  5.7157167e+001  3.7645814e+001
  5.7098667e+001  3.7628661e+001
  5.7041167e+001  3.7611721e+001
  5.6984667e+001  3.7595004e+001
  5.6929167e+001  3.7578521e+001
  5.6874667e+001  3.7562283e+001
  5.6821167e+001  3.7546300e+001
  5.6768667e+001  3.7530585e+001
  5.6717167e+001  3.7515148e+001
  5.6666667e+001  3.7500000e+001
  5.6666667e+001  3.7500000e+001
  5.6617165e+001  3.7485149e+001
  5.6568653e+001  3.7470596e+001
  5.6521122e+001  3.7456336e+001
  5.6474560e+001  3.7442368e+001
  5.6428958e+001  3.7428687e+001
  5.6384307e+001  3.7415292e+001
  5.6340595e+001  3.7402179e+001
  5.6297813e+001  3.7389344e+001
  5.6255952e+001  3.7376785e+001
  5.6215000e+001  3.7364500e+001
  5.6174948e+001  3.7352484e+001
  5.6135787e+001  3.7340736e+001
  5.6097505e+001  3.7329251e+001
  5.6060093e+001  3.7318028e+001
  5.6023542e+001  3.7307062e+001
  5.5987840e+001  3.7296352e+001
  5.5952978e+001  3.7285893e+001
  5.5918947e+001  3.7275684e+001
  5.5885735e+001  3.7265720e+001
  5.5853333e+001  3.7256000e+001
  5.5821732e+001  3.7246519e+001
  5.5790920e+001  3.7237276e+001
  5.5760888e+001  3.7228266e+001
  5.5731627e+001  3.7219488e+001
  5.5703125e+001  3.7210937e+001
  5.5675373e+001  3.7202612e+001
  5.5648362e+001  3.7194508e+001
  5.5622080e+001  3.7186624e+001
  5.5596518e+001  3.7178956e+001
  5.5571667e+001  3.7171500e+001
  5.5547515e+001  3.7164254e+001
  5.5524053e+001  3.7157216e+001
  5.5501272e+001  3.7150382e+001
  5.5479160e+001  3.7143748e+001
  5.5457708e+001  3.7137313e+001
  5.5436907e+001  3.7131072e+001
  5.5416745e+001  3.7125023e+001
  5.5397213e+001  3.7119164e+001
  5.5378302e+001  3.7113490e+001
  5.5360000e+001  3.7108000e+001
  5.5342298e+001  3.7102689e+001
  5.5325187e+001  3.7097556e+001
  5.5308655e+001  3.7092596e+001
  5.5292693e+001  3.7087808e+001
  5.5277292e+001  3.7083187e+001
  5.5262440e+001  3.7078732e+001
  5.5248128e+001  3.7074438e+001
  5.5234347e+001  3.7070304e+001
  5.5221085e+001  3.7066325e+001
  5.5208333e+001  3.7062500e+001
  5.5196082e+001  3.7058824e+001
  5.5184320e+001  3.7055296e+001
  5.5173038e+001  3.7051911e+001
  5.5162227e+001  3.7048668e+001
  5.5151875e+001  3.7045562e+001
  5.5141973e+001  3.7042592e+001
  5.5132512e+001  3.7039753e+001
  5.5123480e+001  3.7037044e+001
  5.5114868e+001  3.7034460e+001
  5.5106667e+001  3.7032000e+001
  5.5098865e+001  3.7029660e+001
  5.5091453e+001  3.7027436e+001
  5.5084422e+001  3.7025326e+001
  5.5077760e+001  3.7023328e+001
  5.5071458e+001  3.7021437e+001
  5.5065507e+001  3.7019652e+001
  5.5059895e+001  3.7017969e+001
  5.5054613e+001  3.7016384e+001
  5.5049652e+001  3.7014895e+001
  5.5045000e+001  3.7013500e+001
  5.5040648e+001  3.7012195e+001
  5.5036587e+001  3.7010976e+001
  5.5032805e+001  3.7009842e+001
  5.5029293e+001  3.7008788e+001
  5.5026042e+001  3.7007813e+001
  5.5023040e+001  3.7006912e+001
  5.5020278e+001  3.7006083e+001
  5.5017747e+001  3.7005324e+001
  5.5015435e+001  3.7004630e+001
  5.5013333e+001  3.7004000e+001
  5.5011432e+001  3.7003429e+001
  5.5009720e+001  3.7002916e+001
  5.5008188e+001  3.7002456e+001
  5.5006827e+001  3.7002048e+001
  5.5005625e+001  3.7001688e+001
  5.5004573e+001  3.7001372e+001
  5.5003662e+001  3.7001099e+001
  5.5002880e+001  3.7000864e+001
  5.5002218e+001  3.7000665e+001
  5.5001667e+001  3.7000500e+001
  5.5001215e+001  3.7000364e+001
  5.5000853e+001  3.7000256e+001
  5.5000572e+001  3.7000171e+001
  5.5000360e+001  3.7000108e+001
  5.5000208e+001  3.7000062e+001
  5.5000107e+001  3.7000032e+001
  5.5000045e+001  3.7000013e+001
  5.5000013e+001  3.7000004e+001
  5.5000002e+001  3.7000001e+001
  5.5000000e+001  3.7000000e+001
